58.2256
8.2856
10.2537
10.5901
10.184
10.0945
10.1514
17.2827
10.7751
10.1806
9.112
9.5867
9.7997
9.6939
10.0021
10.1944
10.0917
13.2527
10.6523
10.7216
11.5956
11.455
9.8655
10.2798
10.3516
9.4657
9.2326
9.5479
9.4097
9.5208
9.9925
9.7376
10.0851
9.7312
9.4187
9.8548
9.5105
9.4878
9.5139
9.2509
9.0237
9.1966
8.965
9.1176
9.0761
9.1204
9.1824
9.0908
8.9187
9.1535
9.1058
9.1767
9.2748
9.1214
9.4009
9.4028
9.396
9.4753
9.6391
9.6945
9.8252
9.5047
9.479
9.4002
9.6914
9.6089
9.5767
9.1645
8.418
8.9359
8.9787
9.1692
9.2795
9.3719
9.4539
9.4099
9.366
9.4264
9.2695
9.0425
9.031
9.0189
8.9627
9.0222
8.9082
8.8174
9.0903
9.2662
9.3443
9.5382
9.4031
9.3317
9.39
9.5077
9.3746
9.6295
9.568
10.067
9.7022
9.5694
9.4471
9.7066
9.3723
9.4624
9.1837
9.3555
9.5307
9.498
9.6344
9.6
9.6376
9.6177
9.655
9.7127
9.6311
9.215
9.1724
8.7555
8.3864
8.4378
8.3156
8.0945
8.2692
8.0505
8.4915
8.3796
8.3699
8.5476
8.282
8.8191
11.342
10.3994
10.5397
10.4245
11.816
9.3383
11.1924
9.363
9.2448
9.0955
9.3019
9.6734
9.4894
9.7338
10.0117
10.0616
10.2196
9.8723
9.8879
9.5642
9.5235
9.5949
9.4412
9.3755
9.2628
9.1392
8.8886
8.8357
8.8779
8.7903
8.7637
9.0596
8.831
8.7101
9.193
9.2207
9.3911
9.1706
9.7186
10.0902
10.1621
10.0617
10.0218
9.975
9.7599
9.6432
9.8012
9.855
9.3058
9.1337
9.4567
9.7486
9.9584
9.9948
9.8788
10.191
10.2552
10.4741
10.0007
10.1436
10.2997
10.1277
10.0128
9.8442
10.186
9.7509
10.2352
10.5117
10.1745
10.6965
10.8146
9.2709
9.4036
9.4068
8.943
8.9695
9.168
9.0666
8.8456
8.7011
8.6433
8.5275
8.5429
8.4707
8.2366
7.9879
7.947
8.5014
9.2011
8.8911
8.5993
8.6826
8.7338
8.5859
8.0252
8.112
8.6323
8.5098
8.8711
8.8293
8.5371
8.4385
8.2511
8.1977
8.3301
8.4435
8.4861
8.6395
8.7507
8.8824
9.0724
9.3997
9.2433
9.2371
9.2491
9.1551
9.251
9.1493
9.0872
9.7234
9.4305
9.4426
9.2638
9.1932
9.5298
9.2046
9.2795
9.2507
9.2775
9.1718
9.4217
9.2305
9.4307
9.3625
9.2639
9.3169
9.4849
9.5166
9.36
9.3557
9.4819
9.4281
9.3472
9.3204
9.3459
9.4421
9.6406
9.4643
9.4343
9.3701
9.2497
9.4983
9.3298
9.4951
9.3822
9.4507
9.3843
9.3489
9.2326
9.2399
9.3513
9.3494
9.316
9.2647
9.3264
9.2907
9.3388
9.3579
9.3847
9.3467
9.3395
9.8122
9.3305
9.1433
9.3265
9.5776
9.3959
9.4631
9.3221
9.1873
9.0169
9.2768
9.476
9.538
9.8406
9.8712
9.8219
9.9613
10.0146
9.9705
9.8505
9.8915
9.8535
9.9599
10.0408
10.0289
9.9186
9.9309
9.9669
9.8924
9.6702
10.0929
9.5755
9.5426
9.4047
9.2016
9.3544
9.4326
9.3844
9.2716
9.312
9.6463
9.2853
9.3951
9.3309
9.1518
9.1059
8.9889
8.922
8.9088
8.8006
8.7759
8.8616
8.656
8.6003
8.41
8.5731
8.3076
8.2762
8.2452
8.3045
8.2984
8.7878
8.9406
8.7795
8.9904
8.776
8.8497
8.9411
9.0168
9.0284
9.0596
9.2629
9.2284
9.2793
9.121
9.113
9.1453
9.0391
8.9748
8.887
8.9077
8.7698
8.8246
9.0564
9.1878
9.5217
8.9232
8.949
9.2203
8.9354
8.7343
8.7231
8.6365
8.86
8.7363
8.6272
8.821
8.7139
8.8404
8.8431
8.7656
8.7751
8.7498
8.7177
8.6897
8.5397
8.4381
8.589
8.4314
8.9014
8.7643
8.6316
8.4465
8.3844
8.2251
8.3151
8.2924
8.3568
8.2929
8.2901
8.1276
8.0237
8.2791
8.2649
8.2866
8.3339
8.3134
8.2673
8.4038
8.2873
8.2752
8.5002
8.3988
8.6058
8.3239
8.1914
8.2194
8.1521
8.1643
8.1038
8.5809
8.1611
7.9485
8.1925
8.0084
8.2741
8.2919
8.3464
8.3586
8.3856
8.3143
8.1299
8.3147
8.3642
8.4282
8.2655
8.467
8.6703
8.6801
8.5966
8.4601
8.6206
8.4619
8.3642
8.3788
8.4302
8.4363
8.5014
8.6968
8.4983
8.3125
8.3914
8.4575
8.4337
8.4061
8.5268
8.4001
8.5828
8.339
8.2518
8.4017
8.5212
8.3907
8.0146
8.749
8.3424
7.9807
8.0568
8.3172
8.0628
8.0439
7.9488
8.0349
7.9529
8.0873
8.2518
8.1291
7.9963
8.0859
8.2422
8.2919
8.147
8.138
7.905
7.9158
8.1231
8.0044
8.0654
8.0616
8.0893
7.9189
7.9125
7.7351
8.7662
8.3196
8.1597
8.3829
8.1017
8.4316
8.3454
8.2627
8.3106
8.3413
8.3226
8.3156
8.2517
7.87
8.212
8.1636
8.2184
8.1728
8.2587
8.5068
8.3508
8.2426
8.5564
8.2434
8.0521
8.1122
8.042
8.1083
8.1403
7.982
7.9483
7.9661
7.802
7.5678
7.7681
7.6672
7.969
8.0319
8.0885
8.3176
8.6907
8.4861
8.3514
8.252
8.2473
8.1716
8.2781
8.3407
8.3063
8.1884
8.27
7.9775
7.98
8.132
7.8391
8.1414
8.3287
8.4844
8.4747
8.3601
8.469
8.5615
8.5974
8.6
8.832
8.3783
8.3207
8.0671
8.1658
8.1524
8.0205
7.8654
7.7257
7.7919
7.7148
7.745
7.7805
7.8146
10.171
8.2422
8.3003
8.1946
7.7739
7.985
8.0254
8.4084
8.1062
8.4905
8.4105
8.3086
8.4129
8.6939
8.21
8.1574
8.8275
7.7911
7.651
7.6268
7.7956
8.3362
10.1239
7.8372
8.1342
8.1289
8.654
8.363
8.2722
8.3495
8.245
8.5592
8.2677
8.9593
8.8504
8.5801
8.3287
8.6633
8.6459
8.1902
8.3595
8.3247
8.4253
8.6501
8.5554
8.51
8.7581
8.426
8.7202
8.5732
8.7746
8.663
9.4862
8.6658
8.6416
8.6422
8.7973
8.6921
8.8579
8.5448
8.7802
8.6626
9.5455
8.7606
8.6469
8.2884
8.6062
8.7209
8.7775
8.43
8.5632
8.3313
9.0805
9.3003
9.0828
9.0369
8.8571
8.7847
8.7901
9.0436
8.9368
8.8095
8.9717
9.5855
9.076
9.6098
8.8334
8.8544
9.3071
8.787
9.1156
9.0234
8.8289
9.0456
8.8274
8.7188
8.3615
8.8503
8.7532
8.6527
8.6556
8.4386
8.9708
8.7253
8.7629
8.3928
9.0953
8.7766
8.7097
8.7015
8.3883
8.4029
8.5458
8.4758
8.4319
8.3649
8.7165
8.6679
8.625
8.6026
8.5156
8.6652
8.6063
8.5268
8.5466
8.7855
8.6818
8.5633
8.5288
8.529
8.825
8.5783
8.4481
8.6334
8.3806
8.4635
8.4798
8.4405
8.4317
8.3906
8.3026
8.1569
8.3116
8.2677
8.2528
8.3478
8.4565
8.5039
8.264
8.5606
8.4104
8.6179
8.406
8.4528
8.669
8.3712
8.1815
8.3165
8.2395
8.1601
8.0877
8.0271
8.1495
8.2104
8.1482
8.297
8.4286
8.4087
8.4017
8.4104
8.4076
8.1874
8.4981
8.5155
8.6673
8.6775
8.8359
8.7511
8.8418
8.6975
8.6544
8.4457
8.3476
9.4396
8.5179
8.4794
8.3671
8.3429
8.3151
8.244
8.1551
8.1253
8.0802
8.0469
7.9703
7.8988
7.9191
7.8761
8.5313
9.8891
8.0582
8.0601
8.2827
7.7589
7.7804
7.7511
7.95
7.9582
7.8807
8.0605
8.1139
9.5519
8.9319
8.8143
9.0364
9.0884
8.8383
8.9296
8.8641
8.707
8.3496
8.7159
8.4888
9.0375
8.632
8.4676
8.9641
8.2818
8.6264
8.3012
8.787
8.3438
8.3892
8.2292
8.5172
8.293
8.2984
8.1408
8.6262
8.3146
8.2443
7.9366
8.088
8.0932
8.3021
8.0326
8.0097
8.5327
8.1256
8.5005
8.32
8.9088
8.2919
7.9694
8.0278
7.746
7.6706
8.0903
7.739
7.3996
7.1437
7.7396
8.2404
8.1095
8.0135
7.9211
8.3024
7.9812
8.3475
7.5118
7.5158
7.4171
7.7376
7.3851
7.7635
7.4966
7.6302
7.7412
9.1372
7.2359
7.2055
7.4398
7.4726
7.3997
7.5288
7.4224
7.4936
7.5664
7.5086
7.5222
7.5125
7.5188
7.5184
7.7362
7.6838
7.6052
7.7849
8.0041
8.3142
8.256
7.9756
7.932
7.9397
7.9597
7.9838
7.9033
7.8561
7.8397
7.8116
7.9101
7.9572
8.0512
8.1036
8.1542
7.9097
7.9681
7.9866
8.0743
8.0569
8.1067
7.9966
7.9718
8.2523
8.2635
8.1737
8.1204
8.3724
8.2625
8.3477
8.417
8.4775
8.4497
8.0849
8.6294
8.335
8.3645
8.5195
8.5347
8.7189
8.9292
8.7989
8.7498
8.8474
8.7507
8.5908
8.5792
8.7542
8.7179
8.5946
8.572
8.4595
8.529
8.6746
8.5864
8.5453
8.5499
8.5771
8.6602
8.6397
8.6336
8.5769
8.5462
8.7384
8.7857
8.7514
8.653
8.7071
8.6324
8.6839
8.8136
8.7907
8.7523
8.7386
8.52
8.7137
8.7711
8.8325
8.9002
8.8854
8.965
8.8281
8.7358
8.9502
8.9362
8.912
9.2161
9.1934
9.0368
8.799
8.9706
8.6575
8.9049
8.8961
8.8756
9.3671
8.9701
9.0458
9.0214
8.9871
8.7882
8.918
8.8524
9.0927
9.0066
9.0972
8.84
8.9343
9.0479
9.0813
9.2538
9.1264
8.9799
9.1536
9.1449
9.1603
9.0269
9.1989
9.1857
9.3744
9.4766
9.3218
9.1391
9.1805
9.0354
8.9206
8.6677
8.981
8.8266
8.7734
8.6401
8.7191
8.7145
8.733
8.7588
8.6915
8.5637
8.3283
8.511
8.7934
8.749
8.5674
8.9039
9.4666
9.1078
8.9333
8.8865
8.6853
8.5288
8.4261
8.4829
8.6184
8.5511
8.7739
8.5803
8.7862
8.3986
8.6105
8.6844
8.7391
8.4059
8.2842
8.1747
8.2996
8.3662
8.4498
8.1091
8.6474
8.324
8.3615
8.7374
8.9414
8.5971
9.1575
9.0058
8.7153
8.9029
9.1607
9.1713
9.2191
9.0775
9.1731
9.0264
9.1433
9.1907
9.0786
9.2115
9.0428
9.172
9.0964
9.0252
9.0816
9.1319
9.2806
9.3052
9.2517
9.0985
9.4303
9.1909
9.3453
9.4642
9.2637
8.8676
8.98
9.1573
8.6472
8.9088
8.6256
8.8352
9.0834
9.0163
8.9765
8.9898
8.9673
9.0553
9.0985
9.0176
9.0267
8.9023
8.8352
8.9771
8.8288
9.065
9.0034
9.0523
8.7589
8.6377
8.3649
7.7571
8.1321
8.4482
8.8569
8.6829
8.7908
8.949
8.8321
9.0227
8.8514
8.6159
8.8645
8.9282
8.8308
9.0378
8.9953
9.0098
9.1134
9.036
8.967
9.0572
9.1055
9.0818
9.0618
8.9379
9.2563
9.12
9.0353
8.6449
8.4042
8.3269
8.5422
8.2579
8.6903
9.0215
9.0167
9.0203
8.5791
8.8021
8.8627
8.8795
9.1483
9.1097
8.6766
8.9377
8.5716
8.61
8.1921
8.0011
8.2539
8.3559
8.2829
9.0613
8.8444
8.8669
9.0636
8.6556
8.6483
8.9517
9.2442
9.1302
9.1183
9.2068
9.039
9.1234
8.9983
9.1785
9.1327
8.4836
8.9325
8.964
8.9484
8.7807
9.0339
8.9284
8.999
9.0703
8.8312
9.089
9.1975
9.4239
9.5328
9.2682
9.5575
9.3648
9.2745
9.2573
9.2956
9.2324
9.1708
9.6966
9.2303
9.0471
8.978
9.0937
9.2948
9.6032
9.2196
9.148
9.2707
9.2984
9.3114
9.2062
9.2266
9.2566
9.2541
9.0101
9.1267
9.0782
8.7049
9.0076
9.2065
8.9687
9.0315
8.9166
8.867
10.5934
9.3212
9.0506
9.1915
9.29
9.1326
8.9476
9.068
8.9384
8.5796
8.6092
8.5274
8.7627
8.801
8.6651
9.2054
8.8904
8.7547
8.9218
8.9065
8.7604
8.7925
8.9586
9.381
9.4185
9.7654
9.9404
10.0627
9.1702
9.6188
9.3568
9.4306
8.9949
8.9417
9.4347
8.6039
8.4167
8.1618
8.6224
8.1217
8.2676
8.2452
8.1618
7.8291
8.2008
8.4909
8.4699
8.2863
8.1134
8.4045
8.2204
8.7009
8.8644
9.009
9.0059
9.3403
9.3914
9.204
9.3875
9.3055
9.4415
9.7313
9.3449
9.4638
9.6154
9.8002
9.8894
9.4413
9.9096
9.7297
9.5773
9.6889
9.4261
9.3425
8.946
9.055
9.0884
9.1205
9.0262
9.2463
9.2661
9.191
8.9943
9.3593
9.2662
9.2832
8.9854
9.6097
9.4316
9.4541
9.4216
9.2523
9.3216
9.1024
9.2405
9.0856
9.0474
9.0977
9.1049
9.1435
9.0226
9.0632
8.9336
9.0054
9.0979
9.3876
9.0988
8.9451
8.735
9.0431
9.1789
9.2561
9.1434
9.1737
9.4922
8.9889
9.1635
8.9658
9.1301
8.8565
8.8447
8.9085
9.0868
9.124
9.0819
9.2138
9.0441
9.1441
9.2041
9.3444
9.4224
9.2923
9.3927
9.3853
9.1936
9.2544
9.1916
9.2122
9.1966
9.1955
9.2456
9.3125
9.2023
9.0868
9.285
9.3544
9.252
9.3276
9.2283
9.1023
9.496
9.3993
9.3234
9.373
9.1989
9.104
9.2236
9.0119
9.2088
9.4158
9.2335
9.1979
9.3103
9.3673
9.3447
9.3806
9.3069
9.2912
9.1495
9.3281
9.171
9.3454
9.1685
9.3639
9.2885
9.086
8.7446
8.9917
9.2237
9.0181
9.5625
9.3986
9.2178
9.0728
9.3189
9.1181
9.11
9.0321
9.1643
9.2482
9.175
9.1151
9.2442
9.2385
9.2196
9.3342
9.3145
9.2127
9.7343
9.2449
9.4108
8.9228
9.2252
9.2215
8.9971
9.2966
9.2937
9.2678
9.3077
9.1604
9.2218
9.3198
9.2621
9.3003
9.3537
9.3024
9.3231
9.164
9.2457
9.3119
9.3334
9.0342
9.2385
9.1781
9.179
9.3408
9.457
9.2378
9.1729
9.1099
9.2783
9.4753
9.2136
9.1144
9.1907
9.2326
9.2859
9.1389
9.2362
9.4376
9.1514
8.8695
8.9493
8.9354
9.0666
9.1018
8.82
8.9414
8.8235
8.8707
9.0371
9.0558
9.0428
9.0314
9.0943
9.1889
9.1444
9.0765
8.9546
9.0766
8.9159
9.1255
9.0746
9.1267
9.3273
9.2972
9.3025
9.2632
9.445
9.5725
9.2484
9.2791
9.1441
9.1158
9.166
8.8574
9.0011
9.3499
9.1869
9.3261
9.2379
9.2902
9.2682
9.0955
9.3785
9.4651
9.1499
9.2316
9.3576
9.447
9.4958
9.2867
9.1553
9.1425
9.3053
9.2728
9.1803
8.8148
8.9625
9.2029
9.1927
9.1453
8.9987
9.3456
9.3021
8.0564
9.2766
9.1968
9.4046
9.3988
9.4956
9.4543
9.342
9.3332
9.4842
9.201
9.6677
9.2513
9.5274
9.36
9.4563
9.4819
9.2121
9.5266
9.5282
9.4876
9.2388
9.5493
9.3405
9.6111
9.554
9.4984
9.4269
9.5301
9.6047
9.6678
9.6013
9.5736
9.5346
9.6573
9.4386
9.5517
9.5467
9.4661
9.6095
9.4924
9.552
9.5724
9.636
9.6498
9.7018
9.7679
9.8031
9.8011
9.8221
9.6367
9.5907
9.7927
9.6082
9.713
10.0278
9.7981
9.9499
9.6785
9.7235
9.5309
9.6928
9.6514
9.8699
9.8666
9.8561
9.8878
9.6229
9.3766
9.7492
9.7538
9.8399
9.5894
9.6516
9.8055
9.6995
9.7317
10.0044
9.7283
9.7829
9.7344
9.6853
9.7657
9.7769
9.7572
9.7538
9.8631
9.7794
10.0094
9.8406
9.7602
9.8586
9.8513
9.8438
9.8018
9.787
10.0019
9.5217
9.5235
9.7276
9.7913
10.0537
9.5863
9.7878
9.8654
9.896
9.739
9.3525
9.1358
9.2122
9.1408
9.1757
9.2013
9.128
9.111
9.1424
9.2798
9.1279
9.3284
9.4325
9.2104
9.0932
9.5018
9.3984
9.0975
9.3435
9.2541
9.1941
9.537
9.3992
9.404
9.3205
8.9675
9.3925
9.2962
9.4536
9.3708
9.4276
9.431
9.5314
9.4842
9.55
9.5344
9.6776
9.6958
9.7899
11.3592
9.3442
9.5346
9.4576
9.3876
9.3838
9.2466
9.1768
9.505
9.4043
9.5624
9.2622
9.2822
9.3701
9.2428
9.1183
9.041
8.9585
9.2456
9.1499
9.3996
9.1824
9.2081
9.3615
9.529
9.4209
8.4588
8.9436
9.3924
9.2477
9.5162
9.7102
9.5311
9.4807
9.5244
9.6041
9.4464
9.4953
9.6625
9.4709
9.4381
9.0883
9.0396
9.4708
9.6788
9.5153
9.4511
9.5623
9.7029
9.5978
9.5332
9.3923
9.3195
9.4837
9.4509
9.5622
10.4575
9.4811
9.5405
9.5973
9.5672
9.3294
9.5607
9.4438
6.0166
7.0003
9.3855
9.987
9.7587
9.6178
9.4613
9.316
9.1066
9.1702
9.3599
9.269
9.82
11.2354
12.4195
9.5527
9.2558
9.2167
9.4834
9.1896
9.2509
9.2477
10.1264
9.413
9.3011
9.4326
11.5655
9.1959
9.4698
9.1624
9.5112
9.4468
9.4899
9.3157
9.2747
9.1566
9.377
9.3781
9.2103
9.2922
9.2018
9.0792
8.9769
9.0965
9.1409
8.9616
8.9495
8.6853
8.8182
9.2018
9.1401
9.0806
9.1805
9.4763
11.7458
9.1404
9.2535
9.3482
9.5146
9.459
9.4974
9.4266
9.4919
9.5956
9.4092
9.6711
9.5262
9.215
8.5216
8.621
9.0447
8.9689
9.1669
9.0806
9.2275
9.3739
9.3371
9.2566
8.9932
8.9365
8.9524
8.8956
8.7019
9.1004
8.9563
9.0421
9.2553
9.2346
9.3883
9.4173
9.2306
9.1336
9.3187
9.2457
9.1587
9.2449
10.47
9.6688
9.6251
9.6494
9.3956
9.6278
9.1674
9.3089
9.7808
9.34
9.6839
9.6663
9.8127
9.4013
9.681
9.9183
9.4949
9.42
9.6238
9.321
9.0931
8.8705
8.2998
8.615
8.2841
8.0485
8.2991
8.0033
8.0661
8.1156
8.404
8.2827
8.3378
8.3502
8.4296
9.2728
8.6265
8.7539
8.7732
8.609
8.4351
8.4172
8.3525
8.159
8.5808
8.5937
8.5943
8.8372
8.9503
8.9342
9.1412
8.8715
8.7754
8.6297
8.4545
8.5572
8.5417
8.2465
8.348
8.031
7.9398
7.8668
7.9026
7.882
7.95
8.0227
8.0574
7.8977
8.1772
8.2045
8.0975
8.388
8.8344
9.0412
9.3638
9.1868
9.1322
8.9252
9.0123
9.0537
8.6315
8.5902
8.3849
8.1935
8.454
8.8119
9
9.1572
9.1417
9.0017
9.1801
9.1087
9.0243
9.0034
9.2534
9.2453
9.1041
8.8719
9.3893
9.4045
9.5403
9.2685
9.2963
9.1357
9.2822
9.2397
9.2084
9.2417
8.9982
8.9682
9.5785
9.0276
8.854
8.6388
8.6327
8.5318
8.6299
8.3269
7.9937
7.9516
8.0603
8.5854
9.2977
8.894
8.6139
8.6819
8.6962
8.696
7.9765
8.2237
8.3747
8.5173
8.2403
8.3056
8.3483
8.1307
8.1466
8.2042
8.4155
8.184
8.3801
8.5094
8.7265
8.9718
9.1567
9.1947
9.3614
9.2901
9.2386
9.2764
9.2103
9.3216
9.2428
9.2053
9.627
9.3015
9.0147
9.4066
9.2475
9.3482
9.2841
9.3889
9.3323
9.3552
9.4269
9.3504
9.2866
9.385
9.3271
9.3511
9.4247
9.4939
9.5018
9.486
9.4965
9.3529
9.2848
9.5571
9.5015
9.5017
9.5113
9.4048
9.541
9.1054
9.1195
9.1302
9.6594
9.3959
9.4152
9.329
9.1757
9.4121
9.1931
9.3177
9.3881
9.5319
9.323
9.5054
9.3353
9.4143
9.408
9.4578
9.5307
9.3373
9.4594
9.4769
9.3893
8.8211
9.4791
9.3715
9.2717
9.4347
9.528
9.4637
9.1589
9.3374
9.7351
9.5844
9.8641
16.2681
9.8103
9.9349
9.8532
9.8398
9.9223
9.8761
10.1194
10.0664
9.9849
9.8974
9.9514
9.8972
9.6578
9.8737
9.5328
9.5248
9.3189
9.4731
9.5725
9.2991
9.3107
9.3813
9.3368
9.2787
9.298
9.3152
9.1489
9.2675
9.2544
9.197
9.1955
8.8702
8.9637
8.8334
8.7886
8.8833
8.8269
8.7464
8.693
8.4716
8.0472
8.1936
8.2488
8.3409
8.2706
8.4031
8.7094
8.6435
8.7716
8.9285
8.8133
8.8679
9.1265
9.1473
9.2524
9.4955
9.1355
9.0594
9.1614
8.7971
9.1003
9.1411
8.8881
8.972
8.9313
8.8864
8.8907
8.8965
8.9539
9.1341
9.133
9.1741
9.0368
9.0728
8.626
8.8605
8.7176
8.6907
8.756
8.7043
8.7281
8.5959
8.6835
8.7239
8.5387
8.799
8.7446
8.7131
8.7815
8.5577
8.5518
8.5799
8.4181
8.2948
8.3937
8.3538
8.2575
8.3682
8.1043
8.1729
8.1345
8.1271
8.2132
8.1757
8.1555
8.1009
8.264
8.1411
8.1634
8.2582
8.222
8.2044
8.1552
8.1134
8.2626
8.118
8.2265
8.2634
8.4612
8.19
8.1595
8.0991
8.0864
8.0888
8.1971
8.1139
7.9401
8.0457
8.1024
8.0956
8.143
8.2736
8.2692
8.2332
8.2797
8.2621
8.112
8.19
8.1836
8.1147
8.1784
8.2245
8.5438
8.4697
8.8096
10.9693
10.8779
8.4168
8.365
8.5074
8.354
8.4815
10.5898
10.8859
8.9843
8.3193
8.0339
8.3303
8.2654
8.3394
8.4569
8.406
8.3439
8.1843
8.1625
8.2272
8.4446
8.2053
8.3048
7.9575
7.8863
8.0491
8.0332
7.9605
8.0962
8.0444
7.9503
7.9221
7.9697
7.9822
7.9728
7.9353
7.9975
7.9825
8.1544
8.1035
8.03
8.0124
7.8423
7.7754
8.0423
7.8508
7.7247
7.644
7.486
7.5061
7.4997
7.6936
7.8978
8.034
7.9631
8.1919
8.0093
8.2388
8.2349
8.2218
8.2473
8.2408
8.2383
8.1974
8.1677
7.9775
7.9529
7.8267
8.1453
8.0358
8.3305
8.2549
8.3127
8.4539
8.4444
8.0854
7.9649
8.1964
8.4508
8.2591
8.1111
8.057
7.9097
7.8492
7.7715
7.7063
7.6821
7.7686
8.1554
7.9964
8.3446
8.6359
8.5298
8.4376
8.4066
8.262
8.1841
8.1032
8.0938
8.3412
8.2987
8.1811
8.0941
7.911
8.0887
8.3489
8.3256
8.0728
8.4683
8.2872
8.2416
8.3458
8.5434
8.5125
8.5318
8.6587
8.7297
8.5002
8.2752
7.9897
8.2053
8.0105
7.8551
7.8397
7.9125
7.6064
7.7348
7.529
7.9681
7.8745
7.9347
8.0368
8.0722
7.9666
7.2754
7.6459
7.8336
7.9783
8.0106
8.0909
8.3242
8.1379
7.944
8.0605
7.8801
7.6766
7.5901
7.5156
7.4412
7.4242
7.5615
7.5454
7.7809
7.7235
7.7557
8.0121
7.7903
7.8